100
47 94 83 70 11 77 7 21 76 28 91 76 63 73 26 89 88 13 84 57 94 98 25 70 71 4 44 96 69 32 16 15 77 51 84 39 27 43 11 2 70 1 77 32 26 54 20 13 18 56 21 63 53 45 33 75 48 28 23 68 11 38 83 39 88 18 77 14 60 88 15 30 40 43 61 65 48 33 30 66 40 50 28 92 47 12 19 46 39 41 14 49 78 48 39 18 65 16 31 77 
55 98 6 46 92 18 11 40 2 92 5 41 93 84 85 91 96 55 37 34 95 50 35 24 97 73 41 13 40 24 89 94 21 46 40 12 16 2 3 69 45 7 62 89 91 98 80 86 52 16 71 46 17 5 21 65 30 14 77 69 37 18 15 9 15 54 72 82 7 75 51 3 33 12 43 23 61 22 60 12 89 31 9 5 87 29 69 16 42 98 85 30 67 99 38 81 4 62 63 62 
36 65 16 20 76 58 95 36 32 54 99 20 36 7 77 75 35 97 90 29 46 26 58 12 76 48 93 79 9 7 92 96 71 7 15 98 17 61 85 48 67 83 67 2 41 95 76 75 92 18 55 37 95 13 1 71 12 45 1 20 51 93 67 73 51 33 22 67 94 6 66 60 40 85 13 80 79 41 6 22 58 13 11 52 25 11 74 88 55 75 59 57 67 25 29 69 9 2 88 2 
59 53 13 98 37 26 29 16 18 86 89 27 98 99 78 74 9 52 61 15 78 19 71 96 95 51 64 4 52 51 57 10 56 22 59 92 99 39 59 16 25 48 42 74 46 71 48 7 74 60 21 51 31 92 46 25 94 10 80 46 12 37 7 67 58 18 11 56 8 21 71 32 68 64 58 66 34 57 24 8 16 44 58 46 87 4 23 81 65 2 78 28 38 36 95 47 53 57 54 61 
77 24 44 97 87 53 14 73 9 37 80 77 80 37 22 19 92 96 99 56 98 28 84 87 63 30 34 68 86 87 28 14 63 23 62 1 76 27 73 36 63 4 12 95 41 86 13 32 81 63 88 78 90 23 17 52 52 50 71 89 88 98 54 2 73 68 55 100 94 79 87 57 83 99 3 23 84 67 6 16 29 45 46 70 67 62 73 18 63 44 58 2 93 12 56 17 79 10 16 24 
88 3 80 70 53 34 44 88 100 50 55 80 94 100 49 61 13 74 30 75 17 40 29 61 3 84 78 33 93 45 56 32 99 88 2 51 21 97 90 73 46 45 52 92 44 53 4 9 78 33 83 94 24 63 6 26 46 83 58 90 28 14 22 26 53 75 29 73 71 70 45 69 14 49 60 10 53 63 18 30 47 52 75 71 15 80 48 12 63 6 2 42 71 75 19 23 1 99 47 23 
69 92 91 82 92 2 43 44 16 60 25 63 64 99 85 78 78 32 89 92 89 42 33 59 68 4 33 68 2 80 91 70 23 33 4 14 87 46 9 2 58 33 16 21 31 52 50 60 36 90 52 24 32 84 35 51 87 67 19 41 46 61 10 68 45 65 33 31 63 93 85 20 25 100 92 7 4 41 67 39 30 18 62 13 53 96 64 92 63 34 32 60 94 41 80 90 58 12 21 20 
5 5 39 81 56 82 88 59 22 6 97 3 23 11 68 27 6 83 18 20 16 49 32 61 42 11 50 99 74 22 70 78 78 8 11 34 41 50 44 62 55 93 16 29 3 83 55 60 65 73 32 32 73 63 44 14 25 94 64 98 67 33 28 45 92 38 30 32 87 73 45 41 17 13 69 71 95 75 31 12 47 14 95 72 28 39 37 52 32 1 1 50 85 28 94 77 65 23 60 3 
48 57 43 64 69 63 35 63 38 17 26 36 82 21 59 9 59 96 12 42 48 12 43 32 40 37 60 56 11 20 59 58 28 53 74 96 68 8 10 57 76 36 44 57 8 3 17 18 98 28 11 45 39 53 28 30 89 88 86 52 59 96 9 86 48 82 81 67 41 90 23 16 77 67 24 36 69 40 53 18 67 63 14 58 68 41 87 8 28 24 59 38 71 20 23 71 1 55 37 94 
97 60 9 73 78 33 9 98 24 13 15 91 28 80 100 95 20 38 54 100 14 13 89 84 32 12 54 84 18 43 29 14 54 38 39 31 22 99 80 97 63 46 87 90 25 86 36 96 24 90 95 37 54 84 72 37 47 78 72 16 20 1 82 73 90 72 55 63 70 86 59 84 31 46 74 55 83 61 2 58 2 97 46 7 32 18 43 30 95 67 45 66 67 26 90 56 97 96 18 18 
81 28 2 11 25 27 17 8 39 18 17 41 66 63 47 49 32 42 78 78 8 75 43 26 52 32 81 1 79 50 70 59 77 23 21 54 49 37 61 40 6 29 80 24 91 78 72 74 71 2 51 78 28 45 3 79 28 35 31 6 36 1 64 65 23 84 18 24 72 78 63 78 58 94 53 49 71 24 74 42 77 25 71 4 69 26 35 97 60 65 54 96 65 18 12 40 53 29 63 25 
58 25 54 15 70 6 15 40 81 89 33 58 65 4 13 85 81 99 81 40 64 35 87 80 4 98 71 56 78 33 80 35 9 85 50 78 90 64 70 71 4 2 80 68 57 44 53 37 43 85 29 6 71 67 37 74 17 8 82 94 92 13 81 53 98 30 82 87 45 51 9 1 5 40 68 13 84 20 2 26 57 82 83 27 48 71 53 16 30 86 62 22 98 42 74 95 23 55 82 19 
58 42 19 62 82 87 26 65 58 27 42 66 8 76 93 8 46 97 75 76 82 36 97 79 77 22 26 51 28 59 70 85 100 88 98 33 26 76 97 36 2 90 1 62 65 45 21 11 41 95 38 74 31 86 5 59 59 30 10 86 88 79 23 39 66 72 72 44 47 20 79 49 62 79 62 26 24 82 88 16 76 25 42 6 62 46 17 20 27 26 6 66 4 80 56 21 51 27 64 98 
99 94 98 60 73 59 37 48 92 25 15 67 1 56 25 63 53 41 34 31 66 91 96 21 70 4 41 73 82 57 70 80 50 19 91 74 29 28 21 20 52 36 86 4 43 10 18 48 2 52 78 67 42 26 39 64 29 80 36 10 88 57 90 89 75 80 63 3 7 35 22 10 22 59 66 65 21 83 12 22 34 41 41 28 66 79 91 94 10 78 4 97 34 45 86 8 76 100 62 35 
34 83 44 56 93 9 20 13 44 83 35 77 23 27 56 41 5 98 34 15 75 89 63 8 33 100 67 61 99 28 95 85 62 90 40 55 51 11 67 94 93 53 22 67 79 78 7 36 27 93 2 2 81 16 9 66 16 76 26 66 55 20 50 17 9 41 23 11 51 41 4 95 46 78 62 76 7 20 11 33 12 64 34 45 80 43 10 47 70 35 12 76 6 14 44 66 54 66 77 5 
59 80 51 4 57 64 31 63 84 42 96 47 5 81 91 36 75 52 82 44 86 94 72 91 59 15 57 12 33 85 68 91 64 71 46 73 34 76 87 17 69 34 16 26 15 58 61 89 10 95 85 95 40 8 38 98 22 46 61 6 30 81 48 45 51 93 69 84 21 56 53 41 41 68 18 7 77 31 48 86 25 32 33 64 39 70 13 12 67 73 18 48 5 65 44 55 10 13 91 82 
20 43 74 12 62 92 19 38 22 66 24 98 49 56 13 39 77 25 50 95 49 19 42 54 36 85 8 97 49 50 78 68 92 51 80 5 94 50 43 67 15 18 64 63 25 76 1 1 52 2 47 1 73 40 6 8 76 13 56 25 15 33 44 6 35 75 11 81 24 5 47 38 22 63 52 46 38 4 98 42 58 44 42 30 83 47 89 58 11 44 34 25 28 78 83 14 52 45 94 28 
49 41 17 22 3 69 19 92 72 68 33 29 63 26 10 45 24 98 54 87 93 40 63 20 17 97 34 20 41 79 99 41 19 16 14 73 84 32 65 7 51 49 88 13 27 97 9 50 47 63 88 91 54 51 11 22 47 96 93 40 74 92 80 45 7 46 17 90 77 33 96 80 82 35 92 8 32 1 9 30 15 97 20 68 47 82 89 45 77 81 84 3 72 16 47 78 61 15 19 89 
48 67 68 29 1 60 88 32 60 96 13 26 44 33 93 42 66 33 87 43 13 22 97 37 37 95 66 49 9 85 38 56 51 5 36 51 16 75 35 27 23 47 52 66 31 44 8 97 28 46 91 41 67 87 29 56 33 94 4 41 30 41 49 80 98 36 83 65 11 17 92 85 15 43 50 98 39 9 94 66 54 36 58 73 74 86 28 6 32 83 98 13 24 98 93 73 86 27 37 96 
95 80 32 9 23 81 58 13 42 51 78 95 38 88 19 11 73 98 68 56 81 66 69 56 63 13 80 48 39 16 95 85 96 78 45 70 59 3 34 52 5 11 98 43 98 17 5 23 14 73 30 46 38 50 1 52 62 80 52 52 48 98 88 95 76 33 64 86 35 49 37 91 59 34 33 9 2 38 83 16 62 12 61 99 14 14 2 75 93 5 79 40 3 66 86 30 98 1 67 84 
49 3 75 8 88 59 68 90 48 50 57 9 13 69 59 78 82 13 5 27 17 83 18 71 100 4 52 50 4 18 85 53 72 59 12 12 70 79 1 69 80 57 30 44 77 88 22 59 52 26 85 21 60 2 91 59 57 95 60 61 64 45 13 36 55 24 47 24 54 99 93 85 7 74 28 83 13 1 41 65 78 77 85 37 31 27 48 87 21 7 47 85 3 11 72 58 86 18 33 39 
68 77 75 74 50 3 56 63 55 49 27 33 77 63 21 59 89 20 46 62 79 44 98 81 7 69 90 92 38 23 83 5 99 57 30 49 59 37 11 66 37 89 50 14 51 22 24 91 42 69 52 72 65 1 4 71 69 94 62 58 16 44 14 14 53 43 14 63 80 24 28 16 64 29 81 14 51 5 57 44 25 60 15 89 61 18 11 29 63 25 39 78 20 52 44 72 95 57 35 26 
81 14 93 96 43 74 10 93 30 18 88 54 77 2 95 37 71 57 18 34 81 56 63 53 7 6 24 53 63 10 78 95 24 71 90 66 96 51 10 25 68 97 30 45 50 24 33 72 81 50 5 13 57 20 65 16 25 89 20 87 50 50 33 73 72 23 90 67 73 51 43 93 99 72 89 100 96 21 72 28 23 28 40 31 47 5 98 72 45 18 10 94 67 43 19 90 17 8 56 89 
11 98 33 9 21 73 9 68 94 32 95 68 59 87 50 6 43 48 29 87 17 90 32 35 32 50 24 48 10 79 89 20 28 73 80 100 46 88 68 91 19 14 58 30 100 59 87 42 6 15 80 74 56 12 8 88 13 31 87 22 61 75 93 88 48 73 88 93 12 7 83 83 20 92 12 20 2 50 13 8 16 93 33 71 4 41 58 68 71 97 90 32 71 34 71 70 58 10 14 70 
16 48 4 88 91 67 7 93 16 19 52 31 63 84 1 18 24 11 86 47 7 27 78 29 60 100 99 70 10 64 39 77 12 42 64 54 8 22 46 75 93 97 5 55 33 57 73 56 67 10 54 73 36 83 54 47 83 4 16 44 67 6 72 30 99 88 84 58 9 29 32 53 78 36 8 10 93 32 17 11 93 71 36 80 5 89 26 87 92 94 82 58 51 54 40 50 41 23 59 1 
51 91 54 80 78 13 41 22 44 58 33 36 80 20 15 84 8 92 23 51 37 4 60 88 9 99 89 49 21 47 2 24 89 55 55 19 67 96 40 62 5 24 49 36 95 15 71 54 6 93 4 95 49 16 34 57 14 22 58 87 20 59 62 61 13 16 79 31 63 70 92 67 46 40 2 40 54 73 94 11 17 49 5 65 64 38 22 30 11 79 16 83 37 29 95 1 44 73 31 7 
94 22 25 91 13 79 31 66 3 76 28 19 24 33 84 40 22 57 69 85 87 36 67 75 64 61 75 59 85 57 17 30 78 42 21 42 20 3 59 22 78 86 92 53 18 27 44 92 83 64 76 21 99 94 95 14 54 21 73 90 77 41 71 6 82 43 47 53 45 5 26 74 91 18 27 60 96 70 51 79 34 26 99 84 19 46 50 24 66 74 65 43 14 88 48 48 30 47 100 75 
51 78 48 93 47 26 53 42 48 55 72 33 33 23 16 3 68 17 79 33 90 43 27 4 82 27 51 12 73 2 38 75 31 85 68 77 63 72 19 10 26 42 94 58 64 61 61 31 78 39 16 67 33 94 22 15 20 72 78 44 26 15 19 56 51 38 85 65 9 55 74 86 96 19 96 60 80 8 42 57 98 57 23 30 51 97 96 22 68 25 18 45 91 36 53 42 25 37 6 85 
91 32 22 86 50 17 97 29 24 39 37 73 95 12 55 97 8 50 71 27 27 88 72 17 75 76 58 51 12 16 35 54 99 8 91 48 25 88 29 100 26 65 73 72 76 27 21 83 28 43 10 6 82 33 23 56 8 32 58 71 47 44 24 45 51 66 45 75 53 73 27 30 37 51 54 65 77 26 99 56 68 8 62 49 92 84 56 51 67 13 21 14 56 96 10 58 14 6 33 18 
78 11 48 67 61 53 83 89 78 81 44 45 41 5 45 32 40 52 35 7 64 7 72 71 3 33 28 68 39 12 85 68 22 32 86 34 36 68 22 13 49 66 9 41 22 53 72 14 56 58 72 19 65 43 41 19 27 21 86 17 84 70 37 58 54 74 91 89 42 13 2 42 30 62 82 3 67 5 16 22 63 87 93 27 81 33 45 60 5 82 28 89 51 64 98 4 38 88 45 31 
52 98 72 33 59 5 36 25 9 3 47 23 42 39 49 74 23 45 33 80 26 61 68 29 76 17 84 65 4 28 95 8 25 18 40 84 74 27 8 83 30 6 57 23 96 58 96 19 54 81 98 80 93 17 60 68 33 43 33 88 71 79 95 47 49 87 30 22 13 90 56 94 47 13 16 43 70 64 61 23 44 10 54 36 78 13 55 10 8 39 49 30 18 44 76 66 82 58 87 94 
99 43 40 45 7 7 87 76 70 99 50 13 8 4 100 37 68 55 46 27 93 95 56 62 90 84 27 71 41 66 16 39 60 7 83 66 14 22 41 83 20 42 48 80 45 47 16 65 1 14 43 46 60 99 7 1 34 86 23 26 51 38 64 10 97 98 27 10 71 67 44 43 8 43 22 5 90 89 21 42 54 63 39 65 13 46 65 98 31 87 23 33 77 86 42 73 36 68 34 6 
86 29 48 45 72 21 1 13 62 73 54 67 88 93 32 52 90 96 50 20 35 72 52 11 10 45 35 97 64 68 54 1 96 54 97 67 26 98 79 87 22 85 54 9 29 37 61 18 32 62 89 66 33 40 28 94 36 62 90 99 29 96 51 77 49 47 95 74 96 74 13 18 10 18 78 38 54 38 7 85 51 95 3 36 86 30 29 21 44 71 71 72 66 21 100 66 19 95 39 15 
20 51 84 29 68 61 18 73 51 24 10 1 18 12 36 3 93 17 75 36 87 45 60 4 17 59 21 35 53 59 1 24 62 84 52 81 97 21 54 47 96 15 47 13 26 35 67 70 51 93 58 89 89 69 44 5 27 64 92 32 22 44 7 35 80 59 68 76 31 73 22 27 87 20 91 64 54 10 33 4 2 42 44 91 10 87 47 89 50 38 72 24 82 78 58 13 88 77 88 19 
49 9 97 35 28 87 98 34 96 83 89 98 24 33 88 86 19 34 74 21 24 45 44 57 74 53 69 62 30 56 32 78 16 28 65 95 14 14 28 10 96 69 59 72 1 98 57 71 83 82 91 58 26 34 14 51 87 34 12 68 89 95 97 56 22 61 51 88 75 30 97 22 98 7 93 50 4 1 21 38 82 63 96 59 49 9 10 87 95 73 54 83 68 50 91 41 11 93 28 37 
22 76 10 72 82 3 73 37 55 45 75 37 8 22 47 56 82 8 42 76 81 47 59 100 96 1 40 58 93 68 46 66 43 56 89 77 10 62 13 64 6 39 52 65 60 51 72 42 58 65 17 90 11 27 89 59 27 29 68 71 48 14 37 90 21 25 66 82 38 31 97 44 69 49 60 29 51 32 22 60 96 38 50 59 17 38 17 95 18 84 66 65 49 54 7 21 30 72 2 68 
2 99 63 23 99 22 3 49 53 24 8 1 13 9 59 29 47 75 76 16 10 41 81 11 94 39 31 75 10 85 42 64 83 4 86 81 26 40 81 30 63 40 30 75 49 88 56 47 14 31 14 76 23 46 86 68 84 68 42 46 52 84 9 34 39 46 66 16 85 98 46 99 90 27 25 38 67 80 36 32 62 49 7 36 95 92 55 30 60 97 75 11 32 83 97 22 80 14 38 16 
12 35 14 1 13 39 90 79 70 77 11 84 25 17 19 71 61 74 1 20 22 27 82 53 10 30 74 41 44 63 57 7 97 70 7 10 60 48 40 30 24 50 13 100 19 83 71 79 56 23 50 29 49 83 81 10 13 7 3 8 21 59 14 18 80 72 79 92 19 18 21 94 20 85 93 38 67 15 68 75 37 17 3 38 51 36 47 15 94 49 22 14 59 87 83 91 58 61 82 28 
31 2 21 50 38 14 87 56 80 6 30 17 22 85 54 24 72 52 39 65 53 60 30 11 47 13 53 56 25 34 84 55 87 4 4 24 69 42 80 49 47 61 17 20 45 22 44 68 25 82 84 77 41 14 40 39 78 92 95 2 78 78 57 64 33 12 40 54 54 19 54 100 79 22 20 76 43 63 95 19 44 79 48 36 44 87 75 21 30 69 74 59 98 30 23 30 42 62 35 47 
32 88 46 62 61 17 89 3 79 84 22 74 14 69 10 57 7 36 77 88 56 50 47 53 32 21 34 25 34 69 71 65 8 68 26 69 85 67 23 15 50 96 89 15 16 50 71 22 37 99 62 92 100 60 44 31 80 77 7 65 97 29 29 5 97 6 25 33 72 47 47 73 43 87 87 58 88 9 32 24 7 93 15 7 4 10 89 35 87 96 99 83 24 27 39 72 84 63 4 8 
10 3 32 4 89 71 61 29 79 92 52 38 36 19 44 91 28 32 25 66 79 23 1 3 1 39 74 37 54 30 44 63 32 27 66 72 97 78 100 28 22 4 65 9 74 60 100 1 91 24 19 22 47 19 24 99 57 49 35 10 78 30 24 9 57 41 81 5 19 32 32 92 35 48 100 8 7 99 61 50 75 31 71 21 49 46 71 57 46 6 19 24 87 94 84 43 35 16 100 5 
100 83 96 34 31 95 94 37 46 6 38 20 36 8 92 36 5 62 92 51 19 62 26 6 56 9 100 90 77 99 94 76 82 41 61 64 35 6 52 32 63 90 51 50 49 42 85 6 4 29 56 74 90 81 79 45 41 31 86 69 29 31 44 62 71 57 77 58 62 29 89 77 70 40 26 70 81 11 75 36 39 82 10 80 14 40 25 55 70 10 23 51 41 19 64 63 75 41 20 88 
21 9 64 42 100 42 63 80 4 38 68 42 71 77 21 85 16 97 91 86 7 65 36 99 83 51 61 9 91 81 97 63 41 12 4 40 5 19 71 8 8 38 49 78 66 22 62 82 70 4 19 28 69 6 26 51 56 87 60 99 19 8 61 59 71 17 50 76 35 20 83 42 10 84 71 75 57 85 8 26 88 26 54 56 83 31 7 39 69 18 89 87 77 49 97 99 17 98 26 3 
70 61 96 79 96 67 53 52 51 61 29 90 38 34 46 21 17 4 11 85 21 99 72 49 99 20 99 16 18 25 70 87 85 18 17 32 84 21 83 86 33 63 75 71 49 72 43 65 75 53 49 47 51 72 95 49 44 46 16 61 70 86 99 6 3 67 37 38 87 71 75 20 85 1 90 33 73 32 49 47 84 50 94 86 21 40 34 64 85 50 76 6 87 26 11 89 92 99 78 79 
69 52 98 6 52 39 90 76 22 39 23 57 88 68 42 60 59 75 24 44 76 51 1 62 29 12 2 20 62 79 50 83 82 99 88 86 37 77 61 10 67 83 66 54 2 7 66 61 82 89 4 9 91 4 71 19 67 72 91 81 3 40 63 84 91 2 69 27 30 30 37 97 64 54 2 66 61 67 26 94 7 81 2 98 36 72 68 55 96 10 35 50 2 49 33 92 50 54 70 31 
35 58 27 98 12 29 15 72 47 92 17 54 72 18 3 60 90 22 14 37 32 100 86 85 100 70 76 49 23 97 31 9 55 58 59 18 38 73 41 36 65 57 89 88 74 43 47 15 65 12 51 48 11 88 32 10 58 59 10 32 55 41 41 61 50 99 78 39 23 18 74 39 74 63 27 100 5 73 14 21 85 17 68 47 4 99 57 13 57 18 97 64 10 37 24 59 87 54 97 61 
23 23 100 97 85 26 48 41 50 61 62 86 29 81 33 85 80 41 97 88 10 45 3 20 81 79 78 19 32 27 80 54 49 79 2 85 56 49 77 5 62 38 43 90 19 75 26 50 67 23 89 76 19 92 47 100 70 25 70 53 3 1 6 3 31 60 87 38 60 63 43 21 53 37 63 23 63 88 24 29 62 12 56 81 55 3 32 76 79 53 28 33 6 86 35 36 45 73 74 56 
87 68 29 39 4 91 13 66 30 36 46 44 48 53 76 2 55 59 30 85 63 57 17 68 42 3 4 38 75 29 46 14 96 74 52 51 16 17 68 97 52 13 40 51 65 67 5 72 25 34 8 88 90 25 7 84 79 10 73 6 38 18 19 85 91 70 87 6 38 54 3 90 18 94 40 35 61 44 6 37 29 65 76 19 41 83 54 20 44 26 25 34 44 43 18 86 64 5 92 2 
10 46 43 28 39 82 62 51 78 19 40 6 83 15 76 24 49 29 43 45 7 67 78 50 61 47 35 24 51 78 77 13 75 19 40 14 53 1 16 30 19 55 87 1 22 63 24 22 43 66 66 49 84 43 50 96 90 37 20 92 66 96 4 41 15 95 6 67 95 21 48 13 28 86 66 1 48 89 22 43 7 40 43 42 34 93 38 75 29 9 67 46 4 22 86 70 17 91 88 11 
64 87 76 43 73 41 43 72 81 16 14 39 7 9 33 41 1 70 15 81 78 33 26 33 55 12 55 23 54 94 85 17 33 60 59 5 52 53 28 85 21 94 23 27 2 55 67 2 76 82 34 5 14 59 38 20 22 44 42 76 89 27 44 21 38 55 77 42 7 5 26 79 98 100 6 51 7 72 52 34 5 37 39 19 95 28 90 69 23 32 44 11 10 39 32 47 93 8 88 52 
64 65 30 13 17 35 63 75 59 66 8 63 2 98 33 49 25 23 17 47 6 12 10 15 50 93 61 95 100 1 46 16 17 27 28 33 14 91 59 72 56 67 86 10 64 71 58 41 93 74 39 98 85 48 64 34 40 24 28 92 76 25 59 93 52 86 77 17 28 36 88 36 54 25 45 69 95 2 9 87 27 100 36 11 99 99 96 39 75 76 82 2 52 40 46 55 77 23 71 5 
10 10 40 15 35 36 35 29 89 96 68 15 95 3 77 93 54 24 83 80 51 64 81 3 55 27 57 32 1 80 36 62 89 27 76 23 62 10 52 50 5 19 64 51 73 92 44 78 15 78 57 66 42 38 20 48 64 28 79 64 7 66 77 96 92 52 18 5 13 21 54 70 91 69 72 64 60 15 41 27 45 50 92 86 87 63 85 2 90 64 17 97 29 93 92 73 96 61 77 60 
82 31 81 72 51 53 87 11 19 80 89 63 29 32 100 67 94 85 68 83 48 84 31 28 76 74 52 23 35 29 82 68 11 63 91 61 15 30 23 33 9 11 48 89 42 47 55 87 31 22 70 30 57 52 10 32 26 61 6 12 89 87 31 51 49 73 12 15 2 86 100 62 97 47 2 90 93 56 77 76 29 98 5 85 1 14 68 26 75 73 89 15 60 71 66 60 44 29 27 97 
14 26 59 62 72 12 4 16 68 32 91 48 81 96 33 81 9 100 59 35 25 99 2 84 70 67 95 13 47 21 61 12 46 19 26 69 31 29 85 50 12 75 97 92 70 81 24 31 81 82 17 57 33 18 40 2 36 86 66 34 59 26 46 4 97 71 25 79 99 9 28 10 35 76 53 5 57 76 87 89 10 55 45 42 73 36 43 60 73 60 94 31 85 39 87 33 61 11 11 59 
71 90 20 5 18 24 61 74 99 47 14 60 54 10 1 78 45 95 37 17 54 82 100 91 20 86 23 32 96 86 90 66 75 61 70 92 36 31 17 87 29 82 46 82 91 99 59 87 93 48 4 99 29 3 41 1 40 63 32 35 100 74 100 75 86 21 18 22 3 87 8 32 68 53 65 59 51 24 45 96 71 100 94 51 54 34 51 93 48 83 79 48 56 30 74 41 51 43 14 5 
29 21 36 97 26 53 7 28 28 3 75 50 55 68 100 60 53 51 53 53 85 83 52 92 13 77 84 15 19 98 19 48 70 7 96 95 59 54 75 86 56 49 35 62 69 34 22 73 36 26 25 20 8 28 63 20 4 47 34 23 44 5 22 13 11 69 60 69 22 34 6 29 82 40 91 2 25 64 75 13 41 51 32 48 79 47 20 34 93 5 56 36 9 29 48 19 97 59 39 18 
92 44 99 26 35 41 27 60 4 1 72 44 52 55 43 82 1 62 15 93 19 23 80 79 3 28 50 100 38 88 69 30 84 67 55 18 59 33 77 14 86 100 57 89 55 52 70 7 65 36 100 83 58 79 62 61 58 11 12 48 50 80 77 33 99 83 51 9 15 79 23 100 79 79 40 85 82 9 91 47 45 42 29 54 73 42 66 82 4 29 29 54 61 5 38 11 39 88 19 6 
19 41 57 97 72 97 33 53 5 23 99 1 65 80 7 89 73 24 70 77 53 51 82 65 7 19 75 46 59 93 51 77 34 59 25 57 55 57 9 12 31 60 64 47 39 22 35 63 46 57 39 50 7 72 14 13 43 88 58 1 32 60 29 65 19 53 21 25 61 82 36 91 41 100 38 31 21 24 93 18 80 84 19 86 7 32 99 49 71 8 49 3 20 29 19 38 81 92 62 93 
73 50 84 65 1 73 95 73 96 39 91 76 74 61 13 81 93 63 81 63 71 82 17 42 10 36 31 43 27 92 35 51 93 70 15 93 42 61 18 38 51 8 65 77 20 77 57 12 92 89 27 14 70 95 55 80 30 85 22 8 28 56 10 21 26 76 65 19 36 82 56 39 41 72 15 61 1 23 24 92 11 50 5 81 97 59 60 26 43 81 86 22 88 95 42 65 71 59 84 58 
40 91 96 33 63 62 93 63 84 68 6 95 70 10 75 66 20 86 91 14 18 28 35 5 75 29 70 45 87 5 54 78 95 2 62 57 63 6 71 47 74 76 41 43 37 67 8 56 52 50 69 21 78 56 25 52 84 46 48 22 2 1 51 97 2 13 5 65 18 28 63 91 3 3 85 92 21 92 47 24 42 68 44 71 23 20 22 6 18 21 79 19 73 29 15 75 93 72 91 11 
99 5 53 53 7 38 44 79 81 91 2 74 58 97 44 32 16 17 37 33 37 67 4 10 95 18 36 40 41 78 2 39 82 54 92 40 43 35 18 76 77 71 49 86 19 93 17 34 61 5 19 98 71 22 59 18 91 94 9 32 23 10 22 4 15 65 43 58 100 12 85 28 34 33 14 52 77 82 37 38 39 55 87 61 28 45 78 71 90 38 54 12 47 27 67 62 92 9 71 43 
72 55 70 5 87 35 56 16 69 92 5 7 99 91 67 78 87 97 100 28 34 53 39 81 80 5 94 23 65 64 65 36 18 34 92 56 21 47 71 89 90 75 95 40 17 13 18 3 9 17 30 43 22 20 75 53 76 68 75 92 31 39 79 100 24 70 55 44 68 78 84 58 4 30 49 73 43 66 27 3 35 57 97 8 28 71 60 56 90 86 47 72 76 26 71 99 47 78 95 15 
7 30 24 62 60 72 34 54 90 61 56 76 69 53 83 48 23 94 3 65 79 2 36 54 79 59 4 25 36 98 91 94 80 14 55 39 38 41 92 79 53 47 54 73 99 88 72 74 81 27 38 59 28 25 64 6 83 67 30 70 17 21 63 96 86 70 86 75 62 29 53 66 75 6 38 26 93 61 51 25 87 40 35 14 64 98 19 99 17 1 68 85 73 83 32 10 4 17 85 65 
45 37 30 71 95 19 48 39 79 50 64 18 89 98 31 5 48 2 3 16 54 70 100 26 4 83 35 7 51 71 23 95 8 52 17 2 22 17 92 53 66 55 70 7 5 52 11 4 53 65 71 58 86 70 83 90 4 70 96 54 40 71 100 99 22 16 52 96 84 44 100 2 50 21 8 6 72 70 61 77 34 31 34 71 52 69 60 55 90 8 8 29 78 7 80 51 75 31 98 10 
26 97 11 76 17 70 33 41 91 94 17 24 24 2 47 76 70 6 82 59 65 90 40 42 48 19 45 22 1 42 32 27 91 94 54 59 64 86 99 54 79 67 30 55 69 76 82 38 33 63 49 98 4 88 91 52 58 87 25 58 81 8 36 71 2 89 81 17 75 32 22 5 98 3 11 18 30 92 8 63 55 56 12 10 95 54 61 4 41 38 13 21 45 49 43 98 89 23 66 63 
6 88 20 4 42 30 21 72 74 28 86 80 35 49 89 29 2 2 32 94 39 45 66 83 45 8 33 33 83 98 48 88 37 67 43 79 48 64 2 21 43 39 100 30 87 89 10 40 42 94 86 80 90 51 14 34 11 46 66 93 96 65 32 32 83 75 62 31 90 15 3 32 53 3 13 91 43 23 83 84 16 68 15 5 70 28 38 80 26 55 72 21 20 4 4 2 78 66 84 19 
80 87 2 85 41 15 27 83 37 9 18 52 28 32 8 98 11 45 77 36 51 1 56 70 56 60 24 33 77 7 51 8 45 52 92 85 18 71 67 54 79 36 57 59 67 64 8 78 60 84 65 11 36 21 32 91 32 7 75 60 14 77 67 58 81 59 43 98 81 61 52 59 49 60 69 67 24 76 96 35 12 61 45 47 33 29 38 64 35 64 23 100 41 89 10 21 99 4 18 79 
16 21 90 64 33 10 31 8 38 26 42 49 86 39 47 18 67 36 33 53 100 7 53 40 96 14 12 46 17 81 77 32 54 18 48 86 79 78 93 16 3 34 64 41 24 11 10 42 98 43 95 97 49 99 88 96 12 99 94 80 80 22 11 33 39 10 70 17 87 62 33 42 47 48 34 71 10 43 12 8 85 58 4 86 56 44 81 19 42 26 98 73 47 61 57 37 70 26 54 57 
39 38 50 86 37 83 8 47 25 71 6 62 29 61 99 84 4 31 3 46 57 52 70 3 12 27 40 82 4 45 90 43 34 39 28 70 73 87 68 97 57 73 10 85 86 8 21 89 39 75 86 95 26 56 49 38 34 40 71 37 84 60 79 17 50 58 39 22 44 58 70 53 31 32 37 68 39 9 56 29 83 42 75 9 49 24 98 34 63 20 70 99 79 1 67 80 10 5 53 6 
63 74 58 45 5 46 12 96 55 67 24 89 60 51 49 60 26 46 93 40 65 15 38 95 67 5 26 28 61 78 33 23 52 42 67 56 40 30 51 46 49 27 34 60 77 35 20 2 80 64 41 97 30 31 43 48 35 69 76 95 98 60 70 49 2 88 57 93 18 59 90 18 85 75 77 13 9 96 66 41 12 7 89 41 89 31 89 75 51 16 69 49 75 90 97 28 78 53 20 47 
64 61 64 48 36 40 61 44 88 78 84 99 84 72 91 24 55 31 98 5 46 19 53 21 8 2 100 85 6 72 83 69 32 46 17 67 86 29 11 25 6 46 23 42 70 65 65 24 48 15 28 93 33 81 65 40 34 65 77 39 88 59 8 19 5 76 86 42 4 48 66 61 93 40 54 62 56 19 37 3 33 65 96 17 97 12 56 30 28 32 20 15 43 27 34 99 2 71 40 57 
18 57 18 62 48 71 76 3 41 12 6 25 28 53 41 24 64 49 5 44 32 25 58 74 3 43 24 5 13 63 13 82 71 82 96 18 53 71 21 45 82 26 22 10 30 14 85 93 62 42 36 46 66 46 71 68 40 95 24 5 9 37 86 80 18 81 49 22 3 69 19 85 46 40 46 75 5 30 20 19 23 7 64 88 4 34 8 44 28 31 48 89 19 85 68 89 66 68 10 20 
37 80 4 34 71 1 9 76 83 80 94 5 86 9 93 90 42 52 33 22 34 32 62 53 16 29 93 33 48 2 53 84 34 8 18 4 9 78 79 91 57 24 47 94 32 91 35 26 42 67 99 76 50 60 80 18 40 72 50 87 25 54 71 10 62 40 14 22 69 44 64 77 68 10 22 51 1 57 76 94 75 74 21 25 33 100 42 24 23 43 11 100 97 33 9 10 24 74 83 44 
18 46 20 85 7 93 35 7 49 63 53 24 36 73 100 21 25 41 44 99 35 6 98 31 38 59 92 13 32 74 56 49 19 75 85 26 68 20 84 68 82 88 91 69 61 90 41 85 82 37 35 17 94 85 99 32 43 91 44 26 64 100 75 35 26 11 12 45 82 47 65 15 35 55 84 47 97 76 83 30 64 17 46 58 1 97 41 95 87 84 21 2 35 47 88 13 57 99 9 39 
98 73 53 84 80 88 30 28 16 12 57 79 80 55 36 81 51 76 27 89 12 47 42 98 45 30 62 2 80 71 92 77 95 96 60 26 36 41 53 51 52 62 29 84 16 17 64 18 44 90 58 55 89 99 53 33 28 14 86 60 36 29 36 83 77 48 8 12 88 61 62 92 74 42 75 89 10 90 58 54 31 15 8 19 13 12 4 93 78 41 52 13 22 39 47 98 86 55 61 26 
67 74 17 40 15 43 80 77 32 37 30 62 3 37 33 15 1 88 59 78 80 62 42 1 1 89 50 38 43 10 63 61 83 31 100 50 73 31 26 4 67 55 18 21 43 50 35 43 37 46 20 68 7 14 69 7 2 18 45 96 28 59 8 10 90 7 11 62 89 36 18 7 90 35 27 33 84 13 75 72 58 47 39 65 60 59 23 13 77 19 60 56 30 67 17 19 25 28 32 13 
63 49 19 5 83 45 37 18 57 63 89 67 9 80 83 20 38 5 84 66 76 43 73 5 61 42 75 37 69 6 49 83 55 19 87 89 15 75 7 24 38 47 90 46 26 72 18 16 28 53 33 3 96 6 59 8 99 33 45 19 91 45 1 97 64 40 85 30 14 91 53 3 38 42 1 15 13 18 82 93 70 15 95 17 72 6 77 70 38 73 88 80 17 40 76 32 31 61 62 97 
3 14 99 92 8 99 7 72 68 88 64 90 54 11 6 25 16 34 46 5 6 33 85 23 25 60 6 55 72 19 51 75 33 2 66 92 100 24 63 20 64 79 9 17 89 14 94 56 100 39 60 5 24 96 79 48 8 85 54 79 3 5 5 87 6 23 78 57 98 93 76 61 71 84 30 11 50 75 66 49 13 77 5 36 25 84 35 32 68 89 62 22 45 19 9 2 93 38 58 90 
82 86 3 4 21 32 14 22 6 31 70 70 60 27 58 36 10 92 67 77 80 80 50 76 50 58 77 42 48 87 32 29 72 86 33 44 17 98 66 74 81 87 43 40 13 100 75 22 44 93 50 75 24 100 51 26 9 79 67 56 65 50 37 88 35 21 32 3 18 97 76 98 35 71 89 48 22 15 69 65 59 19 40 83 70 42 8 78 20 26 86 85 76 22 72 62 94 55 65 11 
3 92 61 38 14 1 85 36 16 5 100 74 75 91 8 44 32 15 74 52 93 59 88 20 32 11 81 25 66 97 87 68 41 47 5 54 100 41 89 15 46 41 40 20 31 48 16 63 14 89 66 6 47 53 77 30 63 10 54 80 6 40 100 98 39 56 4 38 97 92 4 42 84 95 13 15 42 28 29 8 16 46 65 14 50 42 43 64 51 48 44 8 40 43 58 78 98 61 67 94 
4 22 87 88 16 52 2 10 79 82 69 47 27 33 60 28 26 55 91 28 2 34 88 41 76 97 70 26 57 88 71 60 9 10 47 77 61 100 38 39 33 6 37 11 90 97 38 68 3 29 95 4 62 34 97 90 30 18 67 86 6 37 98 66 98 96 42 58 96 79 49 80 36 85 91 26 33 28 93 35 8 39 39 70 73 87 11 54 4 29 92 61 65 89 27 63 84 20 72 31 
51 20 11 86 57 1 11 89 80 3 76 88 42 66 9 66 52 19 71 7 47 62 68 63 50 94 77 86 65 1 16 15 72 26 1 28 78 63 69 58 66 44 45 59 9 53 76 12 23 46 18 21 8 85 35 9 30 64 46 95 64 62 61 35 39 13 15 69 76 83 78 93 26 74 3 86 78 78 97 100 75 14 72 34 51 6 95 80 69 40 26 84 1 39 19 92 51 33 12 26 
67 89 70 44 62 72 29 39 1 77 90 28 90 61 61 92 18 55 24 39 95 49 22 47 39 92 90 90 76 1 67 42 89 37 37 50 60 17 88 61 93 77 88 35 89 100 26 7 55 49 45 1 50 18 47 88 62 89 29 37 89 96 31 78 32 67 79 43 84 19 3 28 47 42 62 88 42 40 94 48 88 90 48 89 59 46 77 20 34 5 57 23 52 39 52 35 57 82 78 40 
100 32 20 99 74 81 86 67 72 31 14 12 20 13 100 30 10 28 50 44 85 58 18 36 96 21 71 52 54 100 44 54 31 15 4 4 95 89 22 67 71 87 78 42 99 29 71 61 57 72 4 93 29 73 28 76 45 50 80 98 49 75 3 80 89 6 35 35 46 57 53 16 43 82 9 94 11 80 54 19 51 9 11 32 81 90 59 77 40 90 74 40 16 77 71 4 34 6 91 80 
62 43 47 56 77 56 1 39 87 54 57 89 14 19 72 94 8 83 22 99 72 96 91 88 24 61 43 57 66 85 88 79 28 35 87 56 42 87 94 80 93 2 20 6 20 92 52 79 74 73 30 97 20 72 36 43 32 31 100 50 15 87 80 94 73 66 49 66 5 42 45 49 95 65 54 66 8 5 45 81 30 26 29 49 97 65 92 80 95 91 81 61 29 61 55 2 78 3 67 34 
97 64 82 43 80 36 9 87 92 5 19 21 30 47 70 78 63 13 9 9 3 90 70 83 50 24 36 79 78 55 13 26 18 94 69 97 81 77 35 73 81 53 45 62 51 14 91 14 26 51 22 80 40 43 15 41 18 50 72 48 4 84 73 21 29 93 69 62 69 55 34 1 7 78 14 58 44 56 23 21 7 96 53 98 39 67 39 8 68 10 55 72 45 28 44 25 20 65 86 41 
19 71 93 26 1 59 35 96 14 57 16 72 52 20 70 42 38 60 50 6 21 4 77 17 83 72 41 3 36 79 95 55 49 87 32 49 45 66 96 11 74 64 82 25 83 3 19 73 14 68 78 34 23 6 50 6 77 43 60 65 21 54 19 21 40 2 22 37 67 17 99 40 80 80 16 15 35 86 87 48 53 64 34 28 21 35 33 97 77 92 61 49 45 31 22 36 32 43 24 50 
11 22 41 91 54 57 5 88 42 43 87 47 6 20 74 26 55 58 74 83 49 87 84 45 17 5 80 1 99 4 50 9 25 91 51 30 99 7 17 92 49 4 90 54 75 63 31 81 72 5 16 20 43 99 64 59 55 96 11 53 51 61 13 27 3 64 57 1 70 73 92 19 28 82 24 55 96 7 87 68 63 2 39 5 52 55 15 6 50 26 10 52 86 23 78 88 38 34 40 59 
59 31 29 38 64 53 92 12 59 79 31 73 32 69 77 84 23 91 89 24 16 51 75 53 25 5 92 62 38 31 20 48 14 49 86 29 53 29 40 63 59 70 35 91 91 63 74 13 53 14 89 21 64 15 25 88 19 17 1 9 99 21 56 64 21 41 93 25 70 84 87 80 6 73 70 96 35 43 60 39 9 48 11 72 63 36 12 33 4 12 41 2 84 97 18 56 37 10 80 58 
93 18 90 50 90 59 45 76 54 5 67 62 4 77 85 66 12 96 51 15 60 91 69 43 87 86 99 76 47 78 85 91 48 74 41 89 85 85 65 38 41 83 51 45 59 35 62 23 31 12 89 90 3 57 84 41 94 82 68 92 12 53 83 59 78 23 47 62 59 63 51 100 45 1 96 4 36 57 78 18 21 66 59 23 75 42 15 68 76 83 60 87 87 94 97 16 68 43 30 26 
58 80 77 54 81 24 9 68 81 86 85 1 52 95 75 26 36 41 45 63 75 56 49 61 49 97 29 16 92 58 94 49 37 22 2 69 46 11 36 26 96 72 78 99 66 4 24 2 96 21 64 71 76 65 83 25 61 11 92 52 68 85 52 57 7 54 25 52 16 13 29 63 84 58 62 50 61 37 3 8 57 66 78 85 82 61 9 95 23 100 46 43 37 50 99 43 55 75 46 70 
87 74 84 23 31 97 72 43 34 74 50 42 91 80 26 25 92 86 19 14 38 16 8 74 65 58 68 19 33 13 40 71 38 24 93 68 72 16 62 5 41 63 99 32 42 76 56 85 62 74 51 51 89 58 76 6 16 43 24 100 7 16 22 44 91 15 63 62 82 24 19 23 38 17 6 32 92 61 16 5 86 66 7 26 76 34 31 43 76 7 42 34 74 63 77 64 29 39 77 63 
14 95 85 52 11 90 35 55 2 50 11 39 68 70 64 95 3 47 37 31 5 30 64 78 44 93 93 25 83 69 87 49 64 71 100 26 12 86 32 65 35 95 3 54 16 18 48 18 16 84 48 72 65 64 1 9 8 93 33 90 14 19 38 29 41 89 6 4 74 90 68 61 84 22 14 99 91 62 68 59 97 68 30 62 31 31 22 38 75 54 79 88 72 69 16 64 57 74 67 83 
63 86 43 98 59 56 96 49 69 15 7 18 82 89 31 64 19 52 53 45 5 32 33 28 100 100 91 8 25 9 90 87 94 32 84 4 40 31 52 8 46 11 77 79 51 7 43 69 58 47 65 62 30 49 41 81 1 31 89 25 39 30 12 84 14 47 87 53 30 91 12 75 53 89 5 3 95 99 23 5 46 87 18 27 36 59 8 88 89 48 12 80 29 75 15 42 74 54 46 3 
96 58 29 48 98 33 2 44 84 24 48 29 62 66 7 97 76 66 36 64 13 48 95 94 74 62 35 47 67 81 49 62 90 29 61 87 62 62 30 45 85 30 25 46 47 83 95 22 49 30 37 61 29 32 54 3 45 41 1 11 21 2 72 62 30 84 48 43 45 29 39 29 58 15 26 4 98 20 25 46 2 62 58 30 45 64 84 89 4 85 51 76 86 74 37 15 57 36 10 1 
64 48 81 22 63 6 77 60 78 2 5 79 15 62 8 59 25 92 99 80 28 1 55 13 74 43 79 82 78 88 82 42 88 14 15 50 19 91 61 96 92 17 26 6 30 34 16 7 77 14 86 4 14 93 68 39 35 98 20 13 38 53 6 25 66 20 26 37 10 86 84 54 54 10 11 83 95 27 89 71 92 75 26 58 67 45 96 53 42 68 17 79 20 22 55 38 93 80 74 3 
17 57 8 70 18 18 53 12 96 41 34 88 67 11 45 85 55 92 38 97 59 54 27 31 28 82 68 20 61 93 22 30 1 81 99 19 99 51 82 94 44 68 33 10 78 77 95 85 21 84 33 31 37 11 61 16 92 80 36 5 72 9 34 25 90 32 43 88 35 76 33 78 43 66 39 73 94 85 9 14 68 93 45 57 3 57 72 95 89 7 99 12 16 84 36 5 15 30 44 1 
6 76 30 100 41 69 24 35 53 84 100 73 76 96 29 79 5 52 73 93 59 23 4 26 6 40 82 72 69 25 25 26 52 54 78 45 22 1 31 27 85 30 99 60 78 79 90 82 30 62 74 88 36 29 65 93 20 46 17 41 22 41 66 74 94 43 70 68 96 100 94 80 29 44 91 6 22 81 39 51 94 64 91 82 93 55 74 64 53 42 4 26 82 22 99 28 64 20 47 11 
19 92 42 100 35 85 5 8 65 96 58 10 59 100 91 3 7 17 67 59 58 70 84 92 91 35 71 7 6 17 17 25 8 11 24 94 95 80 1 11 75 10 20 34 10 63 36 68 31 2 26 40 24 61 31 14 47 53 72 53 69 41 29 28 51 52 21 97 31 73 7 58 83 78 91 44 92 78 11 22 32 88 14 55 100 44 20 99 97 44 3 17 84 31 45 86 34 17 82 16 
42 40 73 76 69 15 19 61 45 81 34 76 20 47 82 71 43 53 69 91 96 23 7 79 5 3 16 38 72 97 6 13 88 78 88 57 45 58 17 89 90 2 64 9 49 97 31 43 49 100 33 45 74 39 75 79 94 91 68 65 87 73 77 75 3 16 83 47 25 99 35 14 52 50 74 100 46 4 42 94 55 26 38 29 65 13 59 10 55 78 74 41 51 2 67 53 17 49 51 41 
