50
42 68 7 44 55 36 19 91 49 43 76 10 47 95 40 84 18 73 69 97 65 78 93 47 59 64 59 81 69 83 12 10 51 70 5 5 57 23 95 5 18 70 66 64 16 6 100 33 78 20 
81 95 49 73 41 7 37 51 87 57 34 50 19 84 71 23 40 27 98 34 83 15 55 49 30 70 54 81 54 83 100 34 77 48 58 69 7 46 72 93 3 5 95 21 40 65 95 79 92 92 
12 74 6 18 22 88 39 27 68 92 10 20 77 38 19 86 59 25 32 30 70 86 34 64 6 73 80 100 51 71 44 14 97 49 31 70 88 21 97 56 64 58 27 40 95 45 77 5 70 8 
34 91 93 19 54 50 91 33 2 93 56 45 58 52 45 40 21 33 60 69 40 23 26 18 14 73 62 91 77 83 50 63 73 95 81 78 44 24 63 45 16 18 41 26 21 86 65 93 70 77 
62 61 51 39 78 17 11 39 59 40 74 8 2 46 54 82 76 98 5 38 94 73 7 35 50 79 72 66 71 93 42 84 53 45 23 30 61 85 20 19 76 93 78 77 91 32 59 18 81 15 
7 26 39 13 12 88 43 83 54 65 75 47 49 79 91 23 60 3 59 80 73 35 24 51 63 66 34 73 83 66 88 89 91 78 53 3 18 47 85 71 12 12 69 12 42 60 86 2 62 44 
33 87 30 8 37 93 26 22 65 8 87 4 49 29 82 53 31 99 100 68 21 11 31 89 22 72 100 59 25 14 54 57 100 84 17 88 28 42 61 44 49 47 48 49 75 81 54 58 31 53 
25 3 15 55 91 88 78 43 46 3 8 99 11 7 34 27 46 61 68 6 5 69 4 4 69 30 84 22 87 66 74 11 68 40 17 10 27 47 52 72 49 11 23 59 17 56 38 14 17 57 
19 73 25 22 76 46 52 11 67 90 28 93 53 95 32 21 4 59 67 8 82 15 18 4 26 87 12 15 100 80 71 71 52 96 92 79 41 95 41 59 37 68 51 89 62 83 9 17 93 28 
76 26 42 46 30 19 84 93 33 83 72 4 53 23 51 97 53 43 43 45 1 31 12 4 19 25 38 80 93 30 59 69 55 52 66 36 71 49 28 55 83 51 10 88 73 60 36 77 54 78 
21 7 61 84 10 31 8 47 10 1 76 68 21 82 20 86 70 42 34 49 48 16 100 58 55 24 69 90 1 23 20 73 29 80 57 90 10 16 36 72 16 63 39 36 96 10 73 65 3 58 
14 51 26 65 8 80 88 28 70 40 2 89 65 82 68 21 71 77 88 6 48 4 68 39 91 64 100 64 80 3 73 45 5 98 9 64 78 49 91 47 40 45 35 4 26 54 76 97 82 64 
2 30 19 22 20 9 37 19 24 16 73 97 61 77 94 21 92 23 69 83 69 9 27 55 12 4 60 40 100 42 3 54 23 21 75 42 81 63 12 57 78 85 53 90 13 98 11 5 21 79 
39 41 39 17 96 3 20 55 42 20 48 96 25 70 68 99 11 48 13 23 4 90 59 8 80 23 58 42 27 78 20 17 18 11 33 65 13 53 72 6 24 19 53 48 89 20 98 99 19 10 
73 75 51 83 34 30 6 91 71 32 68 43 1 38 5 33 2 69 37 73 74 12 92 78 59 80 97 8 30 67 17 3 93 20 85 27 49 42 17 72 26 37 66 26 74 70 58 27 38 47 
100 63 58 43 92 69 74 88 76 3 6 45 57 99 64 94 77 64 35 93 87 60 81 52 37 6 73 47 33 62 93 84 76 2 78 67 70 51 6 46 5 64 42 62 62 5 7 38 20 93 
82 7 5 15 10 41 20 35 87 52 96 79 87 24 81 64 90 2 14 48 99 19 11 40 32 72 96 90 61 68 82 94 74 86 60 35 79 80 69 65 83 17 96 70 40 28 85 29 29 99 
28 28 69 38 19 52 61 67 93 73 34 74 67 59 12 26 93 90 57 62 6 40 78 1 61 17 28 45 97 9 95 25 88 15 62 58 18 23 24 10 95 57 84 13 15 47 91 8 88 99 
21 93 90 98 46 50 66 73 47 14 33 93 38 20 8 52 78 25 26 1 87 72 10 22 37 76 68 79 35 7 77 55 51 67 4 96 68 21 21 14 35 53 7 24 25 66 27 2 42 52 
54 28 76 15 49 12 43 68 90 77 74 66 84 25 84 39 72 52 60 92 17 46 97 23 69 21 40 96 74 34 99 79 61 74 94 62 37 36 29 26 64 55 44 47 79 27 86 50 30 97 
94 47 42 90 21 62 10 13 57 35 46 8 13 6 81 58 19 70 45 48 95 9 2 90 55 32 69 92 33 50 88 26 96 81 67 17 43 28 29 51 62 26 58 75 83 91 84 2 60 29 
49 6 37 2 48 43 85 16 87 17 65 74 95 13 7 61 81 49 89 61 99 50 86 57 76 68 99 60 69 10 88 69 15 76 22 62 18 6 29 56 23 46 30 69 10 88 29 90 36 17 
50 34 19 87 42 94 54 92 5 75 1 44 95 68 19 17 29 89 74 10 44 48 7 25 16 16 12 45 5 99 13 6 33 31 92 26 77 97 70 81 23 70 25 70 37 95 86 18 83 59 
79 79 59 85 3 74 52 67 18 8 65 31 13 49 61 56 27 37 4 96 70 79 17 94 48 54 40 85 23 23 95 53 1 53 37 55 27 40 21 44 47 38 26 11 86 39 66 12 27 21 
59 96 99 76 41 46 81 81 30 55 55 25 7 7 77 95 61 55 34 34 99 80 71 24 90 8 14 7 20 41 79 30 36 78 5 77 75 85 9 57 39 63 33 97 69 9 91 81 16 24 
14 14 55 36 89 96 44 3 2 15 43 33 44 30 10 1 58 36 37 66 92 28 80 24 24 100 85 15 81 100 90 46 65 45 34 5 40 29 7 94 95 1 26 90 31 87 90 40 22 27 
6 66 6 37 41 29 37 77 95 69 76 85 66 92 81 51 97 72 79 55 65 73 56 42 63 38 80 4 77 54 82 34 19 87 23 59 68 11 88 62 31 63 98 96 7 78 99 3 2 77 
57 66 2 64 60 16 53 39 19 82 92 1 67 10 39 89 21 6 51 8 20 81 22 69 77 28 99 27 82 100 3 91 65 4 54 76 19 59 15 90 40 6 90 58 68 80 99 40 86 49 
99 57 30 72 25 58 52 23 84 33 22 86 23 39 42 29 14 12 39 28 53 78 86 42 87 5 74 85 44 59 34 94 15 63 65 91 72 68 14 55 1 87 92 75 25 85 55 39 97 93 
18 49 22 3 43 9 59 16 93 2 26 78 47 92 92 12 82 63 31 47 17 31 34 61 58 10 45 12 48 93 57 18 94 78 72 88 38 31 3 83 84 80 60 31 23 4 94 56 66 24 
3 83 7 88 95 64 97 39 27 97 32 35 66 25 13 37 12 2 67 66 84 3 97 96 33 19 99 26 74 64 1 28 98 7 15 92 22 64 83 1 12 14 35 77 38 99 13 1 1 32 
18 36 34 14 31 18 32 81 43 57 97 95 85 46 2 51 90 75 66 72 75 77 85 10 53 74 60 18 26 12 49 43 48 34 56 30 51 87 11 45 95 59 39 31 4 92 82 93 67 47 
64 41 76 100 2 28 73 62 45 98 73 45 40 72 78 47 2 28 85 64 72 80 22 63 10 77 54 43 70 20 42 85 13 17 85 14 96 9 27 41 59 52 85 50 23 15 97 76 42 81 
91 66 60 12 80 22 89 33 64 10 53 57 94 17 73 30 30 69 39 9 61 97 60 97 46 34 11 94 10 5 75 100 22 86 64 1 7 4 85 23 65 89 31 10 5 4 40 35 24 30 
95 36 26 54 84 23 87 95 17 48 51 43 100 24 28 63 76 87 18 60 61 82 1 91 91 5 46 82 91 21 11 85 56 88 38 40 11 77 86 79 76 88 21 75 11 100 89 38 38 6 
49 50 39 49 41 30 54 38 63 96 59 74 81 14 61 70 5 23 98 90 1 74 29 73 100 91 25 89 28 62 46 77 12 85 25 4 66 30 41 28 26 51 1 58 17 14 27 21 36 77 
63 89 50 91 61 49 82 37 37 9 99 35 37 62 19 14 17 84 43 9 63 20 60 64 29 76 77 56 48 64 32 10 52 33 53 65 33 34 1 22 94 51 56 83 12 74 96 80 9 90 
89 71 62 100 86 90 75 14 97 22 78 80 84 29 12 36 45 45 21 46 18 66 96 73 48 60 46 43 39 6 85 79 76 46 78 62 35 4 75 84 78 4 63 61 85 27 48 29 71 20 
26 40 85 22 12 33 33 9 27 23 14 11 2 89 8 31 2 95 35 29 78 64 84 40 24 68 66 23 49 88 42 74 79 78 47 90 10 79 98 89 2 11 51 55 52 11 85 5 5 71 
33 34 34 17 73 9 36 91 31 84 30 24 10 9 2 56 50 63 35 48 3 88 10 54 42 13 64 78 18 20 49 2 53 82 70 77 91 58 19 73 93 1 97 2 9 50 10 10 64 44 
57 67 83 19 72 76 83 87 53 100 6 1 54 58 35 75 86 77 32 5 49 25 5 97 78 65 98 87 74 62 82 83 80 64 1 51 39 35 37 92 35 94 44 40 51 78 14 36 6 46 
92 55 22 96 51 99 60 49 86 86 62 67 68 41 83 20 91 21 54 79 64 40 72 60 79 74 89 45 61 95 42 53 49 63 100 51 61 12 51 98 97 12 17 64 52 99 35 94 19 88 
24 35 28 47 94 58 72 34 2 85 28 43 89 28 57 88 79 70 99 29 67 47 93 83 62 96 33 96 42 52 84 17 38 63 64 83 72 87 16 26 71 44 20 59 71 77 99 49 46 49 
30 64 48 74 99 9 69 31 5 10 34 40 27 23 2 42 5 25 80 21 50 51 64 70 61 86 46 11 87 43 12 16 58 59 89 8 67 9 91 71 71 24 10 49 47 63 42 51 88 21 
23 37 71 86 58 84 24 55 46 10 97 57 25 7 15 65 14 34 25 4 56 95 80 18 43 78 80 84 80 19 5 3 8 27 40 65 62 63 20 8 72 68 16 48 74 83 64 40 16 89 
95 23 35 26 40 30 55 20 13 35 90 69 89 97 48 80 14 61 95 33 20 66 100 88 66 26 70 81 17 37 69 63 59 56 41 99 85 95 70 49 81 11 70 69 8 17 1 21 29 95 
5 1 12 56 88 77 33 57 10 1 93 30 64 3 85 4 53 69 50 22 18 31 33 87 51 92 55 51 64 35 45 68 35 57 23 22 85 8 30 94 8 74 24 71 77 60 26 29 29 76 
3 98 58 87 36 8 78 42 59 41 76 3 60 63 11 34 36 48 41 66 41 49 39 16 71 67 76 49 48 56 24 50 53 33 36 40 40 65 81 98 5 8 53 16 22 15 49 58 62 90 
75 55 90 13 70 60 32 97 8 79 52 83 80 4 15 15 95 55 79 75 4 35 35 8 50 56 23 50 13 84 39 87 38 28 52 8 40 83 4 99 13 8 34 92 63 48 58 58 54 88 
32 10 22 66 17 23 74 39 72 86 75 63 25 12 42 28 71 81 62 27 32 74 34 65 17 96 64 74 53 70 61 37 79 34 54 47 8 27 38 79 65 12 41 41 23 83 68 94 15 29 
