20
35 55 78 50 77 47 100 7 7 89 91 34 75 3 97 17 82 20 10 1 
1 48 8 84 13 79 59 35 1 100 76 35 6 6 37 82 4 88 88 62 
28 31 95 3 85 44 71 19 15 80 19 67 79 79 50 43 57 9 78 9 
60 5 96 65 10 84 46 66 71 85 27 99 15 74 53 52 17 75 70 83 
54 88 49 33 66 98 75 74 58 4 83 17 61 30 81 70 13 78 35 35 
15 14 85 81 87 89 32 3 63 53 85 69 41 85 53 58 34 27 32 92 
83 66 60 43 95 93 64 59 22 51 45 36 64 30 69 50 18 52 4 33 
5 40 1 45 24 53 54 57 31 85 100 65 2 60 59 48 4 75 6 25 
25 3 13 40 32 81 41 1 32 44 85 36 35 37 32 58 89 38 66 72 
74 66 36 76 77 47 23 80 21 81 4 97 35 16 36 66 48 28 18 80 
23 55 67 57 91 51 66 80 88 31 3 61 48 90 88 24 36 63 3 8 
43 59 4 77 74 91 94 74 18 63 53 40 17 71 48 8 21 13 39 60 
96 93 73 43 82 60 19 70 22 73 77 16 31 33 44 57 23 37 30 93 
52 34 84 20 56 32 79 77 96 69 88 43 61 60 38 95 20 56 64 93 
28 92 9 11 24 52 19 99 41 48 91 44 33 74 63 88 57 42 16 5 
10 4 47 23 15 84 17 34 39 80 27 19 23 87 81 47 38 99 45 78 
98 87 21 30 60 36 69 69 77 85 73 38 40 19 60 54 55 76 40 93 
7 18 63 30 4 43 28 41 41 72 71 90 10 43 19 21 78 88 89 6 
24 61 96 63 32 7 16 86 35 55 30 41 72 45 22 75 39 49 68 80 
72 90 21 81 32 40 2 62 79 90 19 2 3 66 64 86 73 79 23 7 
