30
20 20 96 62 51 45 72 37 97 13 13 2 84 11 2 79 10 52 61 8 75 61 60 79 93 94 9 44 28 67 
40 47 86 36 60 36 80 32 25 29 96 37 30 32 47 83 10 8 87 23 67 61 35 79 92 28 24 100 23 51 
18 62 49 3 49 9 91 81 92 67 9 87 3 90 18 2 24 80 61 10 2 80 71 88 58 62 15 81 13 37 
83 30 99 31 84 47 91 26 27 82 92 87 21 47 76 38 48 100 69 60 9 22 39 31 10 96 44 24 76 8 
61 58 89 11 41 25 9 31 50 36 65 94 22 85 40 50 74 39 49 43 98 9 64 37 92 73 84 87 97 12 
95 9 21 35 19 61 59 27 44 61 14 8 54 88 44 45 37 17 35 37 59 32 97 23 20 88 47 56 75 95 
67 21 3 87 7 73 100 66 52 43 78 65 2 83 4 45 27 92 61 13 28 72 44 77 46 16 16 92 71 42 
87 89 14 41 75 21 14 74 38 65 68 15 81 69 97 85 13 75 76 26 87 56 49 82 84 94 49 99 37 71 
41 75 59 6 16 34 26 81 59 63 97 27 77 77 95 25 13 60 51 89 37 89 96 85 23 79 78 71 29 66 
42 21 41 100 27 8 85 52 88 44 15 84 70 43 12 16 20 25 27 70 65 63 11 60 47 33 90 76 55 18 
42 96 39 82 48 65 89 32 68 28 27 82 11 96 77 74 64 96 98 90 17 62 53 27 21 51 59 62 79 66 
80 20 61 18 53 60 34 93 92 1 20 18 35 82 66 11 7 81 58 5 70 74 66 74 1 39 77 11 100 55 
76 31 74 89 100 78 48 33 22 91 86 93 61 20 26 78 30 32 58 87 36 79 12 54 53 12 44 29 75 95 
35 2 26 8 42 25 37 42 10 58 32 95 50 44 14 75 21 95 6 30 33 94 9 44 47 13 8 42 93 34 
36 27 35 61 86 77 38 74 18 47 31 1 93 32 45 58 6 17 52 63 99 36 8 59 79 54 23 38 47 67 
71 83 93 6 95 30 34 32 3 3 30 85 55 22 16 51 79 73 20 82 35 18 17 43 28 96 48 50 33 95 
16 56 29 60 13 23 41 46 7 43 100 36 27 54 10 42 57 88 14 76 70 100 45 38 94 72 85 94 73 70 
40 88 25 68 99 37 90 39 34 48 33 33 84 59 38 93 52 94 32 17 21 53 68 65 91 62 36 75 55 8 
44 94 47 68 13 97 4 54 87 89 2 19 73 85 29 63 29 80 8 60 48 29 13 16 93 3 29 81 29 83 
40 73 28 39 92 92 87 48 45 74 36 46 92 9 82 21 71 10 52 78 22 52 58 34 67 3 88 95 83 16 
29 74 40 8 64 32 99 51 79 95 24 14 93 15 74 74 87 96 36 39 26 57 90 83 42 8 85 81 54 19 
96 34 45 88 93 8 19 43 58 49 37 81 14 29 48 88 55 86 35 42 24 60 98 65 95 91 24 31 71 77 
2 18 62 46 5 54 5 23 96 15 23 85 47 37 13 94 24 19 80 10 60 55 70 9 72 16 99 47 46 21 
24 47 39 37 44 43 91 49 18 38 63 40 22 9 76 87 55 51 5 86 61 17 40 82 25 63 97 76 10 94 
96 85 93 34 21 36 29 63 36 46 1 50 37 74 11 65 60 17 15 17 2 27 33 93 8 9 56 56 84 17 
2 32 1 94 65 73 81 45 88 17 42 40 18 79 13 28 43 25 44 9 41 45 36 25 90 95 85 97 3 69 
13 4 52 65 97 68 89 77 13 76 45 54 67 63 84 32 90 26 56 86 35 48 82 22 72 71 16 56 67 18 
76 31 73 27 95 69 47 36 98 59 63 42 64 30 4 48 61 46 73 16 31 59 15 64 32 38 35 100 45 53 
17 21 84 42 99 30 10 45 65 7 55 28 49 19 9 4 66 69 49 90 36 31 1 50 95 32 87 81 31 31 
85 100 3 68 41 54 50 2 98 66 9 5 45 9 23 53 12 40 73 13 29 8 95 29 57 89 13 43 21 43 

