Instância para 7 itens:
Caixa = 77
Retorno = [ 70, 20, 29, 37, 7, 5, 10 ]
Investimento = [ 31, 21, 20, 19, 4, 3, 6 ]

Instância para 7 itens:
Caixa = 100
Retorno = [ 70, 20, 29, 37, 7, 5, 10 ]
Investimento = [ 31, 21, 20, 19, 4, 3, 6 ]

Instância para 10 itens:
Caixa =  67
Retorno =  [32, 95, 96, 17, 55, 37, 72, 42, 10, 61]
Investimento =  [64, 28, 50, 40, 76, 52, 71, 59, 81, 23]


Instância para 20 itens:
Caixa =  196
Retorno =  [62, 61, 99, 1, 90, 73, 52, 60, 44, 56, 2, 36, 44, 47, 13, 81, 15, 30, 45, 84]
Investimento =  [61, 77, 4, 75, 24, 21, 5, 82, 33, 39, 61, 89, 45, 5, 34, 98, 65, 5, 25, 37]


Instância para 30 itens:
Caixa =  388
Retorno =  [9, 41, 28, 40, 71, 48, 3, 7, 26, 86, 6, 80, 54, 27, 19, 97, 75, 59, 56, 40, 55, 89, 22, 81, 90, 97, 21, 31, 7, 87]
Investimento =  [5, 86, 21, 36, 83, 9, 4, 34, 18, 74, 44, 27, 30, 76, 42, 14, 69, 26, 1, 58, 71, 19, 63, 50, 35, 89, 47, 81, 64, 24]


Instância para 50 itens:
Caixa =  379
Retorno =  [44, 23, 35, 35, 47, 70, 78, 9, 32, 14, 97, 85, 62, 54, 72, 95, 100, 59, 51, 73, 49, 88, 58, 30, 32, 88, 76, 76, 13, 3, 67, 60, 72, 96, 69, 94, 9, 32, 94, 9, 47, 25, 79, 62, 2, 26, 9, 85, 76, 19]
Investimento =  [75, 67, 16, 29, 78, 75, 80, 41, 20, 90, 5, 49, 40, 48, 97, 2, 29, 21, 92, 7, 7, 81, 11, 99, 76, 70, 73, 10, 3, 86, 49, 97, 28, 80, 30, 1, 43, 72, 45, 51, 4, 46, 39, 56, 72, 46, 26, 11, 55, 26]


Instância para 100 itens:
Caixa =  469
Retorno =  [49, 99, 52, 74, 60, 60, 60, 43, 89, 67, 19, 49, 28, 60, 18, 94, 22, 18, 49, 100, 82, 6, 39, 2, 85, 85, 40, 4, 58, 63, 42, 67, 36, 42, 18, 20, 96, 79, 26, 69, 24, 49, 72, 46, 68, 53, 23, 93, 44, 87, 13, 36, 10, 23, 57, 53, 27, 4, 59, 55, 66, 91, 66, 62, 34, 12, 67, 74, 56, 73, 26, 59, 83, 1, 78, 12, 69, 54, 63, 32, 34, 9, 11, 60, 66, 22, 97, 90, 9, 32, 49, 30, 12, 37, 44, 77, 35, 73, 65, 96]
Investimento =  [54, 84, 95, 83, 14, 98, 69, 43, 52, 94, 55, 75, 21, 73, 96, 99, 1, 87, 9, 81, 78, 37, 9, 65, 96, 50, 36, 2, 31, 7, 96, 82, 90, 43, 16, 24, 81, 75, 5, 12, 38, 74, 76, 98, 30, 92, 92, 99, 66, 47, 13, 91, 66, 40, 9, 17, 72, 42, 75, 98, 60, 64, 31, 31, 39, 68, 19, 74, 61, 38, 70, 52, 100, 79, 80, 43, 1, 91, 92, 8, 99, 64, 93, 50, 70, 87, 90, 26, 29, 43, 36, 83, 17, 17, 78, 33, 34, 54, 56, 46]

