Instância para 7 itens:
Caixa = 77
Retorno = [ 70, 20, 29, 37, 7, 5, 10 ]
Investimento = [ 31, 21, 20, 19, 4, 3, 6 ]

------------------------------------------------
Impressão dos resultados da otimização do modelo
------------------------------------------------


Função Objetivo = 148.0
Tempo de CPU (em segundos) = 109.72884702682495


Projetos selecionados:
Projeto         Investimento    Retorno
[1]		31		70
[3]		20		29
[4]		19		37
[5]		4		7
[6]		3		5
Total		77		148

----------------------------------------------------------------------
Instância para 7 itens:
Caixa = 100
Retorno = [ 70, 20, 29, 37, 7, 5, 10 ]
Investimento = [ 31, 21, 20, 19, 4, 3, 6 ]

------------------------------------------------
Impressão dos resultados da otimização do modelo
------------------------------------------------


Função Objetivo = 171.0
Tempo de CPU (em segundos) = 47.67091655731201


Projetos selecionados:
Projeto         Investimento    Retorno
[1]		31		70
[2]		21		20
[3]		20		29
[4]		19		37
[6]		3		5
[7]		6		10
Total		100		171

----------------------------------------------------------------------

Instância para 10 itens:
Caixa =  67
Retorno =  [32, 95, 96, 17, 55, 37, 72, 42, 10, 61]
Investimento =  [64, 28, 50, 40, 76, 52, 71, 59, 81, 23]

------------------------------------------------
Impressão dos resultados da otimização do modelo
------------------------------------------------


Função Objetivo = 156.0
Tempo de CPU (em segundos) = 2150.6799664497375


Projetos selecionados:
Projeto         Investimento    Retorno
[2]		28		95
[10]		23		61
Total		51		156

----------------------------------------------------------------------

Instância para 20 itens:
Caixa =  196
Retorno =  [62, 61, 99, 1, 90, 73, 52, 60, 44, 56, 2, 36, 44, 47, 13, 81, 15, 30, 45, 84]
Investimento =  [61, 77, 4, 75, 24, 21, 5, 82, 33, 39, 61, 89, 45, 5, 34, 98, 65, 5, 25, 37]

------------------------------------------------
Impressão dos resultados da otimização do modelo
------------------------------------------------


Função Objetivo = 590.0
Tempo de CPU (em segundos) = 2363.8485684394836


Projetos selecionados:
Projeto         Investimento    Retorno
[3]		4		99
[5]		24		90
[6]		21		73
[7]		5		52
[9]		33		44
[10]		39		56
[14]		5		47
[19]		25		45
[20]		37		84
Total		193		590

----------------------------------------------------------------------

Instância para 30 itens:
Caixa =  388
Retorno =  [9, 41, 28, 40, 71, 48, 3, 7, 26, 86, 6, 80, 54, 27, 19, 97, 75, 59, 56, 40, 55, 89, 22, 81, 90, 97, 21, 31, 7, 87]
Investimento =  [5, 86, 21, 36, 83, 9, 4, 34, 18, 74, 44, 27, 30, 76, 42, 14, 69, 26, 1, 58, 71, 19, 63, 50, 35, 89, 47, 81, 64, 24]

------------------------------------------------
Impressão dos resultados da otimização do modelo
------------------------------------------------


Função Objetivo = 924.0
Tempo de CPU (em segundos) = 2455.7329955101013


Projetos selecionados:
Projeto         Investimento    Retorno
[3]		21		28
[4]		36		40
[6]		9		48
[7]		4		3
[9]		18		26
[10]		74		86
[12]		27		80
[13]		30		54
[16]		14		97
[18]		26		59
[19]		1		56
[22]		19		89
[24]		50		81
[25]		35		90
[30]		24		87
Total		388		924

----------------------------------------------------------------------

Instância para 50 itens:
Caixa =  379
Retorno =  [44, 23, 35, 35, 47, 70, 78, 9, 32, 14, 97, 85, 62, 54, 72, 95, 100, 59, 51, 73, 49, 88, 58, 30, 32, 88, 76, 76, 13, 3, 67, 60, 72, 96, 69, 94, 9, 32, 94, 9, 47, 25, 79, 62, 2, 26, 9, 85, 76, 19]
Investimento =  [75, 67, 16, 29, 78, 75, 80, 41, 20, 90, 5, 49, 40, 48, 97, 2, 29, 21, 92, 7, 7, 81, 11, 99, 76, 70, 73, 10, 3, 86, 49, 97, 28, 80, 30, 1, 43, 72, 45, 51, 4, 46, 39, 56, 72, 46, 26, 11, 55, 26]

------------------------------------------------
Impressão dos resultados da otimização do modelo
------------------------------------------------


Função Objetivo = 1374.0
Tempo de CPU (em segundos) = 3578.6742944717407


Projetos selecionados:
Projeto         Investimento    Retorno
[3]		16		35
[9]		20		32
[11]		5		97
[12]		49		85
[13]		40		62
[16]		2		95
[17]		29		100
[18]		21		59
[20]		7		73
[21]		7		49
[23]		11		58
[28]		10		76
[29]		3		13
[33]		28		72
[35]		30		69
[36]		1		94
[39]		45		94
[41]		4		47
[43]		39		79
[48]		11		85
Total		378		1374

----------------------------------------------------------------------

Instância para 100 itens:
Caixa =  469
Retorno =  [49, 99, 52, 74, 60, 60, 60, 43, 89, 67, 19, 49, 28, 60, 18, 94, 22, 18, 49, 100, 82, 6, 39, 2, 85, 85, 40, 4, 58, 63, 42, 67, 36, 42, 18, 20, 96, 79, 26, 69, 24, 49, 72, 46, 68, 53, 23, 93, 44, 87, 13, 36, 10, 23, 57, 53, 27, 4, 59, 55, 66, 91, 66, 62, 34, 12, 67, 74, 56, 73, 26, 59, 83, 1, 78, 12, 69, 54, 63, 32, 34, 9, 11, 60, 66, 22, 97, 90, 9, 32, 49, 30, 12, 37, 44, 77, 35, 73, 65, 96]
Investimento =  [54, 84, 95, 83, 14, 98, 69, 43, 52, 94, 55, 75, 21, 73, 96, 99, 1, 87, 9, 81, 78, 37, 9, 65, 96, 50, 36, 2, 31, 7, 96, 82, 90, 43, 16, 24, 81, 75, 5, 12, 38, 74, 76, 98, 30, 92, 92, 99, 66, 47, 13, 91, 66, 40, 9, 17, 72, 42, 75, 98, 60, 64, 31, 31, 39, 68, 19, 74, 61, 38, 70, 52, 100, 79, 80, 43, 1, 91, 92, 8, 99, 64, 93, 50, 70, 87, 90, 26, 29, 43, 36, 83, 17, 17, 78, 33, 34, 54, 56, 46]

------------------------------------------------
Impressão dos resultados da otimização do modelo
------------------------------------------------


Função Objetivo = 1355.0
Tempo de CPU (em segundos) = 3659.6788659095764


Projetos selecionados:
Projeto         Investimento    Retorno
[5]		14		60
[9]		52		89
[17]		1		22
[19]		9		49
[23]		9		39
[28]		2		4
[30]		7		63
[39]		5		26
[40]		12		69
[45]		30		68
[50]		47		87
[55]		9		57
[56]		17		53
[63]		31		66
[64]		31		62
[67]		19		67
[70]		38		73
[77]		1		69
[80]		8		32
[88]		26		90
[94]		17		37
[96]		33		77
[100]		46		96
Total		464		1355


----------------------------------------------------------------------









